performance metric order: 'roc_auc','average_precision','f1','accuracy', 'balanced_accuracy','precision','recall'

human all features
0.8174 (0.0016)
0.2943 (0.0036)
0.3282 (0.0014)
0.7425 (0.0008)
0.7417 (0.0018)
0.2108 (0.0009)
0.7408 (0.0038)

human reduced features
0.8105 (0.0013)
0.2781 (0.0016)
0.3222 (0.002)
0.7366 (0.0013)
0.7369 (0.0023)
0.2061 (0.0014)
0.7373 (0.0039)

human reduced features predicting ecoli
0.8089 (0.0)
0.3033 (0.0001)
0.3501 (0.0001)
0.7411 (0.0003)
0.7354 (0.0001)
0.2304 (0.0001)
0.7283 (0.0005)

human reduced features prediction yeast
0.8175 (0.0)
0.2759 (0.0001)
0.3192 (0.0002)
0.739 (0.0004)
0.7427 (0.0001)
0.2029 (0.0002)
0.7472 (0.0004)

ecoli all features
0.8149 (0.005)
0.3175 (0.0068)
0.3538 (0.0042)
0.7406 (0.0016)
0.7411 (0.0051)
0.2323 (0.0026)
0.7418 (0.01)

ecoli reduced features
0.8094 (0.0029)
0.3035 (0.0032)
0.3481 (0.0017)
0.734 (0.0009)
0.7375 (0.0027)
0.2274 (0.0009)
0.7418 (0.0068)

ecoli reduced features predicting human
0.8098 (0.0)
0.2762 (0.0002)
0.3189 (0.0001)
0.7295 (0.0003)
0.7369 (0.0001)
0.2028 (0.0001)
0.7458 (0.0005)

ecoli reduced features predicting yeast
0.8171 (0.0001)
0.2751 (0.0001)
0.3151 (0.0003)
0.7307 (0.0003)
0.7425 (0.0003)
0.199 (0.0002)
0.7566 (0.0006)

yeast all features
0.8254 (0.0042)
0.3026 (0.0048)
0.3288 (0.0037)
0.7509 (0.0031)
0.7483 (0.0046)
0.2109 (0.0026)
0.7452 (0.0099)

yeast reduced features
0.8176 (0.0051)
0.2773 (0.0077)
0.322 (0.0041)
0.7447 (0.003)
0.7427 (0.0047)
0.2057 (0.0028)
0.7404 (0.0088)

yeast reduced features predicting human
0.8102 (0.0001)
0.2782 (0.0001)
0.325 (0.0002)
0.7435 (0.0004)
0.7362 (0.0002)
0.2093 (0.0002)
0.7275 (0.0007)

yeast reduced features predicting ecoli
0.809 (0.0001)
0.3031 (0.0002)
0.3533 (0.0003)
0.7477 (0.0005)
0.7353 (0.0001)
0.2341 (0.0003)
0.72 (0.0007)
